-1.000000000000000000e+00
1.000000000000000000e+00
-1.000000000000000000e+00
-1.000000000000000000e+00
1.000000000000000000e+00
-1.000000000000000000e+00
8.000000000000000444e-01
-1.000000000000000000e+00
5.999999999999999778e-01
1.000000000000000000e+00
4.000000000000000222e-01
8.000000000000000444e-01
8.000000000000000444e-01
8.000000000000000444e-01
-1.000000000000000000e+00
-1.000000000000000000e+00
-2.000000000000000111e-01
-1.000000000000000000e+00
1.000000000000000000e+00
-2.000000000000000111e-01
-5.999999999999999778e-01
1.000000000000000000e+00
-2.000000000000000111e-01
-1.000000000000000000e+00
-1.000000000000000000e+00
-1.000000000000000000e+00
-2.000000000000000111e-01
-8.000000000000000444e-01
-8.000000000000000444e-01
-5.999999999999999778e-01
-8.000000000000000444e-01
-8.000000000000000444e-01
-5.999999999999999778e-01
-2.000000000000000111e-01
-2.000000000000000111e-01
5.000000000000000000e-01
-5.000000000000000000e-01
1.000000000000000000e+00
3.300000000000000155e-01
3.300000000000000155e-01
-1.000000000000000000e+00
3.300000000000000155e-01
1.000000000000000000e+00
-1.000000000000000000e+00
-5.000000000000000000e-01
3.300000000000000155e-01
-5.000000000000000000e-01
-2.500000000000000000e-01
-1.000000000000000000e+00
-5.000000000000000000e-01
3.300000000000000155e-01
3.300000000000000155e-01
1.000000000000000000e+00
3.300000000000000155e-01
3.300000000000000155e-01
-1.000000000000000000e+00
3.200000000000000067e-01
4.799999999999999822e-01
3.200000000000000067e-01
3.200000000000000067e-01
8.000000000000000444e-01
1.600000000000000033e-01
3.200000000000000067e-01
1.600000000000000033e-01
4.799999999999999822e-01
8.000000000000000444e-01
4.799999999999999822e-01
1.000000000000000000e+00
5.999999999999999778e-01
5.999999999999999778e-01
-1.000000000000000000e+00
1.000000000000000000e+00
-1.000000000000000000e+00
5.999999999999999778e-01
-1.000000000000000000e+00
-1.000000000000000000e+00
-1.000000000000000000e+00
5.999999999999999778e-01
-8.000000000000000444e-01
5.000000000000000000e-01
1.000000000000000000e+00
-2.000000000000000111e-01
-1.000000000000000000e+00
5.000000000000000000e-01
-1.000000000000000000e+00
-1.000000000000000000e+00
-5.999999999999999778e-01
-5.999999999999999778e-01
-8.000000000000000444e-01
1.600000000000000033e-01
1.600000000000000033e-01
8.000000000000000444e-01
-1.000000000000000000e+00
3.200000000000000067e-01
-1.000000000000000000e+00
1.600000000000000033e-01
-1.000000000000000000e+00
4.799999999999999822e-01
-1.000000000000000000e+00
-1.000000000000000000e+00
2.500000000000000000e-01
-6.600000000000000311e-01
2.500000000000000000e-01
-6.600000000000000311e-01
-6.600000000000000311e-01
-6.600000000000000311e-01
-6.600000000000000311e-01
-6.600000000000000311e-01
2.500000000000000000e-01
2.500000000000000000e-01
2.500000000000000000e-01
2.500000000000000000e-01
-6.600000000000000311e-01
-6.600000000000000311e-01
2.500000000000000000e-01
1.000000000000000000e+00
-6.600000000000000311e-01
2.500000000000000000e-01
-6.600000000000000311e-01
7.500000000000000000e-01
2.500000000000000000e-01
-1.000000000000000000e+00
-1.000000000000000000e+00
-8.000000000000000444e-01
-8.000000000000000444e-01
-8.000000000000000444e-01
-1.000000000000000000e+00
-5.999999999999999778e-01
-2.000000000000000111e-01
-1.000000000000000000e+00
-2.000000000000000111e-01
1.000000000000000000e+00
1.000000000000000000e+00
-5.000000000000000000e-01
3.300000000000000155e-01
3.300000000000000155e-01
-2.500000000000000000e-01
3.300000000000000155e-01
-5.000000000000000000e-01
3.300000000000000155e-01
-5.000000000000000000e-01
1.000000000000000000e+00
-5.000000000000000000e-01
-1.000000000000000000e+00
1.600000000000000033e-01
8.000000000000000444e-01
4.799999999999999822e-01
3.200000000000000067e-01
1.600000000000000033e-01
4.799999999999999822e-01
3.200000000000000067e-01
4.799999999999999822e-01
8.000000000000000444e-01
4.799999999999999822e-01
1.600000000000000033e-01
4.799999999999999822e-01
3.200000000000000067e-01
3.200000000000000067e-01
3.200000000000000067e-01
3.200000000000000067e-01
3.200000000000000067e-01
3.200000000000000067e-01
1.600000000000000033e-01
-8.000000000000000444e-01
-5.999999999999999778e-01
-1.000000000000000000e+00
-1.000000000000000000e+00
-5.999999999999999778e-01
-5.999999999999999778e-01
-8.000000000000000444e-01
-5.999999999999999778e-01
-5.999999999999999778e-01
-8.000000000000000444e-01
-2.000000000000000111e-01
-1.000000000000000000e+00
-1.000000000000000000e+00
-1.000000000000000000e+00
1.000000000000000000e+00
-1.000000000000000000e+00
-5.999999999999999778e-01
-1.000000000000000000e+00
-1.000000000000000000e+00
-1.000000000000000000e+00
-5.999999999999999778e-01
-5.999999999999999778e-01
1.600000000000000033e-01
1.600000000000000033e-01
8.000000000000000444e-01
1.600000000000000033e-01
1.600000000000000033e-01
1.600000000000000033e-01
8.000000000000000444e-01
8.000000000000000444e-01
1.600000000000000033e-01
-1.000000000000000000e+00
4.799999999999999822e-01
5.999999999999999778e-01
5.999999999999999778e-01
8.000000000000000444e-01
5.999999999999999778e-01
-1.000000000000000000e+00
-1.000000000000000000e+00
1.000000000000000000e+00
8.000000000000000444e-01
5.999999999999999778e-01
1.000000000000000000e+00
7.500000000000000000e-01
7.500000000000000000e-01
-6.600000000000000311e-01
2.500000000000000000e-01
-6.600000000000000311e-01
-6.600000000000000311e-01
2.500000000000000000e-01
2.500000000000000000e-01
-6.600000000000000311e-01
2.500000000000000000e-01
2.500000000000000000e-01
7.500000000000000000e-01
2.500000000000000000e-01
7.500000000000000000e-01
1.000000000000000000e+00
-6.600000000000000311e-01
