-7.639288660965515287e-01
-1.905631957627327733e+00
-1.905631957627327733e+00
-7.507630283330152254e-01
-8.084322061733967280e-01
-1.004517574641566879e+00
-1.004517574641566879e+00
-1.004517574641566879e+00
-7.507630283330152254e-01
2.188761176345630222e-01
2.732003761176099443e-01
2.732003761176099443e-01
2.732003761176099443e-01
6.796290598158494234e-01
2.732003761176099443e-01
6.796290598158494234e-01
2.732003761176099443e-01
6.796290598158494234e-01
2.732003761176099443e-01
2.732003761176099443e-01
5.111030061428242233e-01
8.382307400760299343e-01
8.382307400760299343e-01
7.036983965763260462e-01
7.036983965763260462e-01
4.490031738246902937e-01
4.490031738246902937e-01
7.036983965763260462e-01
4.490031738246902937e-01
4.490031738246902937e-01
8.382307400760299343e-01
4.490031738246902937e-01
4.490031738246902937e-01
4.367001323116574407e-01
8.920525298277014459e-01
4.367001323116574407e-01
8.920525298277014459e-01
7.368117208732388734e-02
4.367001323116574407e-01
4.367001323116574407e-01
4.367001323116574407e-01
4.367001323116574407e-01
7.368117208732388734e-02
8.920525298277014459e-01
4.367001323116574407e-01
1.318104580846493290e+00
-2.396906336977679408e-01
6.493863138304715177e-01
-1.360062251660059673e-01
1.238420783126696678e+00
6.493863138304715177e-01
6.493863138304715177e-01
6.493863138304715177e-01
1.238420783126696678e+00
1.318104580846493290e+00
6.493863138304715177e-01
-7.236030169698483006e-01
-7.236030169698483006e-01
-7.606353135869219351e-01
-7.606353135869219351e-01
-7.606353135869219351e-01
-7.236030169698483006e-01
-7.606353135869219351e-01
-7.236030169698483006e-01
-7.606353135869219351e-01
-7.236030169698483006e-01
-7.606353135869219351e-01
-7.606353135869219351e-01
5.426843044201964394e-01
5.426843044201964394e-01
5.253349074686126663e-01
5.426843044201964394e-01
5.253349074686126663e-01
5.426843044201964394e-01
5.426843044201964394e-01
5.253349074686126663e-01
5.426843044201964394e-01
5.426843044201964394e-01
5.253349074686126663e-01
5.426843044201964394e-01
4.754923760009163725e-01
8.015853612904242365e-01
4.754923760009163725e-01
6.246209812739079714e-01
-4.448455138993933906e-04
8.015853612904242365e-01
-4.448455138993933906e-04
8.015853612904242365e-01
8.015853612904242365e-01
-4.448455138993933906e-04
-4.448455138993933906e-04
4.754923760009163725e-01
-4.603620492640159156e-01
-1.552104433207533329e+00
-1.127653994763903045e+00
-1.177522421681220788e+00
-1.177522421681220788e+00
-1.177522421681220788e+00
-1.177522421681220788e+00
-4.603620492640159156e-01
-1.127653994763903045e+00
-1.177522421681220788e+00
-1.253556809607081268e+00
-1.930466628907908655e-01
-1.031461772312655789e+00
-4.231973577264893649e-01
-1.031461772312655789e+00
-1.031461772312655789e+00
-4.231973577264893649e-01
-4.231973577264893649e-01
-1.031461772312655789e+00
-1.031461772312655789e+00
-1.930466628907908655e-01
-1.031461772312655789e+00
-4.863396278648358939e-02
9.818319586716182101e-01
-4.863396278648358939e-02
-4.863396278648358939e-02
9.818319586716182101e-01
5.737228698618862532e-01
5.737228698618862532e-01
-1.826063353013135382e-01
5.737228698618862532e-01
-4.863396278648358939e-02
5.737228698618862532e-01
4.175854144236637033e-01
4.175854144236637033e-01
7.846345874792775010e-01
7.846345874792775010e-01
4.175854144236637033e-01
4.175854144236637033e-01
6.380590428546697446e-01
7.846345874792775010e-01
7.846345874792775010e-01
7.846345874792775010e-01
-2.979499319772954333e-02
1.055055955803448242e+00
5.877202232803879767e-01
5.877202232803879767e-01
5.877202232803879767e-01
5.877202232803879767e-01
5.877202232803879767e-01
1.055055955803448242e+00
5.877202232803879767e-01
5.877202232803879767e-01
1.055055955803448242e+00
5.877202232803879767e-01
-8.486870034163622734e-01
-8.448589709711885609e-01
-8.448589709711885609e-01
-8.448589709711885609e-01
-7.633554900253016751e-01
-8.486870034163622734e-01
-9.962211834183539727e-01
-8.448589709711885609e-01
-8.486870034163622734e-01
-8.486870034163622734e-01
-8.448589709711885609e-01
-8.011596742836097906e-01
-8.011596742836097906e-01
-8.011596742836097906e-01
-7.387927702926608831e-01
-7.387927702926608831e-01
-7.387927702926608831e-01
-8.011596742836097906e-01
-8.011596742836097906e-01
-7.387927702926608831e-01
-8.011596742836097906e-01
-8.011596742836097906e-01
-8.251955164371732598e-02
-4.628367271346929823e-01
-8.127922991774488848e-01
-3.392790107614545025e-01
-8.251955164371732598e-02
-3.392790107614545025e-01
-8.127922991774488848e-01
-8.251955164371732598e-02
-8.251955164371732598e-02
-4.628367271346929823e-01
-8.251955164371732598e-02
-8.251955164371732598e-02
-7.206167375541017162e-01
-7.206167375541017162e-01
-7.206167375541017162e-01
-7.206167375541017162e-01
-7.206167375541017162e-01
-7.206167375541017162e-01
-7.570243526159147196e-01
-7.570243526159147196e-01
-7.206167375541017162e-01
-7.206167375541017162e-01
-7.206167375541017162e-01
-1.129093927125017771e+00
-9.234058413107228969e-01
-2.923605647639756500e-01
-1.203171128457502848e+00
-9.234058413107228969e-01
-9.234058413107228969e-01
-9.234058413107228969e-01
-1.203171128457502848e+00
-9.234058413107228969e-01
9.361728253618528672e-02
-3.817243733581670018e-01
9.361728253618528672e-02
-3.817243733581670018e-01
9.361728253618528672e-02
9.361728253618528672e-02
-5.365401800880216232e-01
-7.544552929009546993e-01
-9.293208239056132136e-01
-1.539530052572986252e+00
-5.365401800880216232e-01
-9.293208239056132136e-01
-7.276173235095078073e-01
1.452309439182900563e-01
1.452309439182900563e-01
3.210606551578168988e-01
3.210606551578168988e-01
3.221436820696000347e-01
1.452309439182900563e-01
1.452309439182900563e-01
-5.390537365691693283e-01
-5.390537365691693283e-01
-5.390537365691693283e-01
-5.390750037623363022e-01
-5.390750037623363022e-01
-5.390537365691693283e-01
-5.466813250317026363e-01
-1.254479930448405334e+00
-1.142218926865767203e+00
-1.493683472343247942e+00
-1.142218926865767203e+00
-1.254479930448405334e+00
-1.142218926865767203e+00
-1.567744419395020294e+00
-9.011948858081986202e-01
-6.107659150427781070e-01
-9.545883870440889929e-01
-9.011948858081986202e-01
-6.107659150427781070e-01
-9.011948858081986202e-01
-5.656114473043579727e-01
-4.102596550601303460e-01
-3.984583600844746609e-01
-4.102596550601303460e-01
-1.446867861543399969e-01
-4.102596550601303460e-01
-3.984583600844746609e-01
-3.727623050018046621e-05
-3.727623050018046621e-05
-3.727623050018046621e-05
7.963932074936774796e-01
-3.727623050018046621e-05
7.963932074936774796e-01
7.963932074936774796e-01
-6.004439291973638904e-01
-5.859224099581840095e-01
-6.004439291973638904e-01
-5.859224099581840095e-01
-4.939301249122983739e-01
-5.859224099581840095e-01
-7.918950681972409811e-01
5.899034364697935962e-01
5.899034364697935962e-01
-9.415886858176467436e-05
1.116740043929707882e-01
1.114963966840816223e+00
1.114963966840816223e+00
-9.415886858176467436e-05
6.240950384295211872e-01
-6.037912982255194683e-01
-1.032369919748293174e+00
-1.150617160596669519e+00
-1.150617160596669519e+00
-1.032369919748293174e+00
-1.150617160596669519e+00
-2.960728715273016620e-01
1.386441484879735064e+00
1.386441484879735064e+00
4.542517310212761394e-01
-7.863167952271088446e-02
-7.863167952271088446e-02
1.386441484879735064e+00
4.542517310212761394e-01
-9.688365148648077074e-01
-9.770889529380966110e-01
-6.926162260312207497e-01
-1.452632917085732167e+00
-8.623184813383975023e-01
-8.623184813383975023e-01
-6.926162260312207497e-01
-6.605926680464220269e-01
-8.005686659648358905e-01
-5.512995563691270862e-01
-5.512995563691270862e-01
-6.605926680464220269e-01
-5.512995563691270862e-01
-5.512995563691270862e-01
-6.605926680464220269e-01
-3.463967465164650403e-05
9.013778346112641948e-01
5.583437466115984682e-01
9.013778346112641948e-01
-3.463967465164650403e-05
-3.463967465164650403e-05
-3.463967465164650403e-05
-1.251501069153024559e-01
5.984405664546664783e-01
-1.251501069153024559e-01
-1.168619435209748147e-01
5.119354320665190361e-01
5.119354320665190361e-01
-1.251501069153024559e-01
-3.877166895050533635e-02
-3.877166895050533635e-02
-3.877166895050533635e-02
-3.877166895050533635e-02
3.868529792764081598e-01
3.868529792764081598e-01
-3.877166895050533635e-02
-5.389051148496912802e-01
1.744376284476798211e-01
1.744376284476798211e-01
-5.386607927008221219e-01
1.744376284476798211e-01
-5.389051148496912802e-01
1.744376284476798211e-01
-1.655077599237735064e-02
6.772201070689655156e-01
6.772201070689655156e-01
-1.655077599237735064e-02
6.772201070689655156e-01
6.772201070689655156e-01
7.869629636921444682e-01
1.900946432203323710e-01
2.252750191218189924e-01
2.252750191218189924e-01
3.438811965455797481e-01
3.438811965455797481e-01
1.199416942741201364e+00
1.900946432203323710e-01
5.046820989803406654e-01
4.581290902551764521e-01
4.581290902551764521e-01
-1.815933163606928691e-01
-1.815933163606928691e-01
-1.815933163606928691e-01
5.046820989803406654e-01
1.087493318306235413e+00
1.087493318306235413e+00
1.087493318306235413e+00
1.087493318306235413e+00
7.463458583448797645e-01
7.463458583448797645e-01
1.087493318306235413e+00
-6.080701914575163958e-01
-2.448304545874040727e-01
-6.080701914575163958e-01
-6.080701914575163958e-01
-6.080701914575163958e-01
-6.080701914575163958e-01
-6.080701914575163958e-01
-6.080701914575163958e-01
7.454408872125781738e-01
1.091578030917392583e+00
1.091578030917392583e+00
-5.002339818218574236e-03
7.454408872125781738e-01
1.091578030917392583e+00
1.091578030917392583e+00
8.508989529729938939e-01
8.508989529729938939e-01
8.508989529729938939e-01
8.508989529729938939e-01
8.508989529729938939e-01
8.508989529729938939e-01
8.508989529729938939e-01
-1.135772123671658473e+00
-3.772037741761520291e-01
-1.135772123671658473e+00
-1.135772123671658473e+00
-1.135772123671658473e+00
-1.135772123671658473e+00
-8.050808804945603914e-01
-1.135772123671658473e+00
-6.868689765066244846e-01
-8.602954565947767973e-01
-6.868689765066244846e-01
-8.602954565947767973e-01
-6.868689765066244846e-01
-6.604005977556044460e-01
-6.868689765066244846e-01
-6.732693069001660646e-01
-6.732693069001660646e-01
-8.492926357458423503e-01
-6.479378699307323242e-01
-6.732693069001660646e-01
-5.497803249411158388e-01
-6.732693069001660646e-01
-7.665657078696663795e-01
-1.310137048851303554e+00
-1.310137048851303554e+00
-7.665657078696663795e-01
-7.665657078696663795e-01
-1.125187419593388638e+00
-1.310137048851303554e+00
-2.897771876620660603e-01
-2.897771876620660603e-01
1.235766545172630737e-01
-2.897771876620660603e-01
-8.045879154132268285e-02
-2.897771876620660603e-01
1.235766545172630737e-01
-1.690161569616785431e-01
-9.592218110714059165e-01
-9.592218110714059165e-01
-9.592218110714059165e-01
-9.592218110714059165e-01
-9.592218110714059165e-01
-9.592218110714059165e-01
-9.592218110714059165e-01
-5.349999014501979344e-01
-3.181955724482770087e-01
-6.352397918673075017e-02
-3.181955724482770087e-01
-3.280852788184567270e-01
-3.181955724482770087e-01
-3.181955724482770087e-01
-3.506303040346243627e-01
-3.506303040346243627e-01
-3.506303040346243627e-01
-3.387506815395602833e-01
-5.347797263825532221e-01
-3.387506815395602833e-01
-3.506303040346243627e-01
-1.459061051931756836e+00
-1.459061051931756836e+00
-1.999742702657250071e+00
-1.999742702657250071e+00
-1.999742702657250071e+00
-1.459061051931756836e+00
-1.999742702657250071e+00
-1.999742702657250071e+00
8.995886201540292948e-01
8.995886201540292948e-01
8.995886201540292948e-01
1.135811861302863601e+00
8.995886201540292948e-01
8.995886201540292948e-01
-8.322858251828086917e-01
-6.488009620016972345e-01
-6.488009620016972345e-01
-8.322858251828086917e-01
-6.488009620016972345e-01
-6.488009620016972345e-01
-6.488009620016972345e-01
-8.238523864990713319e-01
-8.238523864990713319e-01
-8.238523864990713319e-01
-1.187016328114166575e+00
-1.187016328114166575e+00
-8.238523864990713319e-01
8.985187564827000761e-01
8.985187564827000761e-01
8.985187564827000761e-01
8.985187564827000761e-01
8.985187564827000761e-01
8.985187564827000761e-01
8.985187564827000761e-01
6.428109687911807146e-01
6.216171954085014661e-01
8.232667765375586422e-01
6.428109687911807146e-01
6.216171954085014661e-01
6.428109687911807146e-01
-2.855174374209433763e-01
-7.132537007680050944e-01
-2.855174374209433763e-01
-2.855174374209433763e-01
-7.132537007680050944e-01
-1.256474535456025610e+00
-5.431126035518643591e-02
-5.431126035518643591e-02
-5.431126035518643591e-02
-5.431126035518643591e-02
-5.431126035518643591e-02
-5.431126035518643591e-02
-5.431126035518643591e-02
8.897314087626437829e-01
8.897314087626437829e-01
8.897314087626437829e-01
8.897314087626437829e-01
8.897314087626437829e-01
8.897314087626437829e-01
8.897314087626437829e-01
8.897314087626437829e-01
-3.197849916731442810e-01
-1.904168020724283372e-01
-1.904168020724283372e-01
-1.904168020724283372e-01
-3.197849916731442810e-01
-1.904168020724283372e-01
-2.964519830809340672e-01
-9.281996384647701603e-01
-1.324033285738495547e+00
-1.324033285738495547e+00
-1.324033285738495547e+00
-1.263987288409884169e+00
-1.324033285738495547e+00
-9.281996384647701603e-01
-1.218722335168914706e+00
-8.517239575195509893e-01
-8.517239575195509893e-01
-1.218722335168914706e+00
-8.517239575195509893e-01
-1.218722335168914706e+00
-8.517239575195509893e-01
-8.103577061322623232e-01
-4.173026613443521216e-01
-9.822361221113768970e-01
-4.173026613443521216e-01
-4.173026613443521216e-01
-4.173026613443521216e-01
-4.173026613443521216e-01
7.282650913891763889e-02
7.282650913891763889e-02
7.282650913891763889e-02
7.282650913891763889e-02
7.282650913891763889e-02
7.282650913891763889e-02
7.282650913891763889e-02
7.282650913891763889e-02
1.297065878363770908e-01
1.297065878363770908e-01
1.297065878363770908e-01
1.297065878363770908e-01
1.297065878363770908e-01
1.297065878363770908e-01
1.297065878363770908e-01
4.204414151456448145e-03
1.669500662744470565e-01
4.204414151456448145e-03
1.669500662744470565e-01
4.204414151456448145e-03
1.669500662744470565e-01
1.669500662744470565e-01
4.204414151456448145e-03
6.723983603800275377e-01
6.723983603800275377e-01
6.723983603800275377e-01
6.723983603800275377e-01
6.723983603800275377e-01
6.723983603800275377e-01
6.723983603800275377e-01
-5.704332757590149239e-01
-5.392306359597758281e-01
-5.392306359597758281e-01
-5.392306359597758281e-01
-5.704332757590149239e-01
-5.392306359597758281e-01
-5.392306359597758281e-01
-1.201340765908117669e+00
-1.201340765908117669e+00
-1.201340765908117669e+00
-1.201340765908117669e+00
-1.201340765908117669e+00
-5.129175703199364555e-01
-1.201340765908117669e+00
-1.201340765908117669e+00
-3.682554008389949396e-01
-3.682554008389949396e-01
-4.502667917994670477e-01
-3.682554008389949396e-01
-3.682554008389949396e-01
-3.682554008389949396e-01
-3.682554008389949396e-01
8.551649188662061585e-01
8.551649188662061585e-01
8.551649188662061585e-01
-1.771111773207489082e-01
8.551649188662061585e-01
8.551649188662061585e-01
8.551649188662061585e-01
-1.176606801781900913e+00
-1.176606801781900913e+00
-1.176606801781900913e+00
-1.176606801781900913e+00
-1.176606801781900913e+00
-1.176606801781900913e+00
-1.240638652584835411e+00
-8.987416971142502264e-01
-1.240638652584835411e+00
-1.240638652584835411e+00
-1.240638652584835411e+00
-8.987416971142502264e-01
-1.240638652584835411e+00
-1.240638652584835411e+00
-1.252507255082034199e+00
-1.252507255082034199e+00
-1.252507255082034199e+00
-1.252507255082034199e+00
-1.252507255082034199e+00
-1.252507255082034199e+00
-1.252507255082034199e+00
-8.168790915110910045e-02
-8.168790915110910045e-02
-8.168790915110910045e-02
-8.168790915110910045e-02
-8.168790915110910045e-02
-8.168790915110910045e-02
-8.168790915110910045e-02
-1.260653874866869195e+00
-1.260653874866869195e+00
-1.260653874866869195e+00
-1.260653874866869195e+00
-1.152847667889770999e+00
-1.260653874866869195e+00
-1.260653874866869195e+00
7.707218226816687778e-01
7.707218226816687778e-01
7.707218226816687778e-01
7.707218226816687778e-01
7.707218226816687778e-01
7.707218226816687778e-01
7.707218226816687778e-01
-7.372927440925434173e-01
-7.372927440925434173e-01
-7.372927440925434173e-01
-7.372927440925434173e-01
-7.372927440925434173e-01
-5.161735048282239946e-01
-7.372927440925434173e-01
-1.252969668940129011e-01
5.148660454070491665e-02
5.148660454070491665e-02
5.148660454070491665e-02
-1.252969668940129011e-01
5.148660454070491665e-02
-1.252969668940129011e-01
-7.921418180767119122e-01
-7.921418180767119122e-01
-1.165303415848257140e+00
-7.921418180767119122e-01
-7.921418180767119122e-01
-7.921418180767119122e-01
-1.165303415848257140e+00
9.011014641028989303e-01
9.011014641028989303e-01
9.011014641028989303e-01
9.011014641028989303e-01
9.011014641028989303e-01
9.011014641028989303e-01
5.378621321383020293e-01
5.378621321383020293e-01
5.378621321383020293e-01
5.378621321383020293e-01
5.378621321383020293e-01
5.378621321383020293e-01
5.378621321383020293e-01
-1.264359801118970061e+00
-1.264359801118970061e+00
-1.264359801118970061e+00
-1.264359801118970061e+00
-1.264359801118970061e+00
-1.264359801118970061e+00
-1.264359801118970061e+00
8.496664840496563897e-01
7.189735146667428634e-01
7.189735146667428634e-01
7.189735146667428634e-01
7.189735146667428634e-01
7.189735146667428634e-01
7.189735146667428634e-01
2.393979187105536033e-01
2.393979187105536033e-01
2.393979187105536033e-01
2.393979187105536033e-01
2.393979187105536033e-01
2.393979187105536033e-01
2.393979187105536033e-01
4.169031941549758979e-01
1.381013748899345694e-01
4.169031941549758979e-01
4.169031941549758979e-01
4.169031941549758979e-01
1.381013748899345694e-01
1.381013748899345694e-01
4.169031941549758979e-01
-6.138039365319796214e-01
-6.138039365319796214e-01
-7.594588190672799666e-01
-7.594588190672799666e-01
-6.138039365319796214e-01
-7.594588190672799666e-01
-7.594588190672799666e-01
-7.594588190672799666e-01
-7.450473538696146258e-01
-6.064893600382389449e-01
-7.450473538696146258e-01
-6.064893600382389449e-01
-7.450473538696146258e-01
-7.450473538696146258e-01
-7.450473538696146258e-01
-8.249057018460883572e-01
-6.824061620254338045e-01
-8.249057018460883572e-01
-6.824061620254338045e-01
-8.249057018460883572e-01
-8.249057018460883572e-01
-8.249057018460883572e-01
-1.255841785584172365e+00
-1.255841785584172365e+00
-1.255841785584172365e+00
-1.255841785584172365e+00
-1.255841785584172365e+00
-1.255841785584172365e+00
-1.255841785584172365e+00
-9.021748596301427670e-01
-9.021748596301427670e-01
-9.021748596301427670e-01
-9.021748596301427670e-01
-9.021748596301427670e-01
-9.021748596301427670e-01
-9.021748596301427670e-01
-9.021748596301427670e-01
6.708580413160296629e-01
6.708580413160296629e-01
6.708580413160296629e-01
6.708580413160296629e-01
6.708580413160296629e-01
6.708580413160296629e-01
-4.646624243080931249e-01
-4.638839750815239027e-01
-4.646624243080931249e-01
-4.646624243080931249e-01
-4.646624243080931249e-01
-4.638839750815239027e-01
-4.638839750815239027e-01
-4.646624243080931249e-01
9.167833851132694001e-01
9.167833851132694001e-01
7.209324778983190463e-01
9.167833851132694001e-01
9.167833851132694001e-01
9.167833851132694001e-01
9.167833851132694001e-01
-1.004495829095843895e+00
-8.076778243563257353e-01
-1.004495829095843895e+00
-8.076778243563257353e-01
-1.004495829095843895e+00
-1.004495829095843895e+00
-8.076778243563257353e-01
8.089962047139723778e-01
8.089962047139723778e-01
8.089962047139723778e-01
8.089962047139723778e-01
8.089962047139723778e-01
8.089962047139723778e-01
8.089962047139723778e-01
8.969661089337686022e-01
8.969661089337686022e-01
8.969661089337686022e-01
8.969661089337686022e-01
8.969661089337686022e-01
1.137071491663435463e+00
1.137071491663435463e+00
1.137071491663435463e+00
2.872949249992999277e-01
2.872949249992999277e-01
1.452075191819841848e-01
2.872949249992999277e-01
1.452075191819841848e-01
2.872949249992999277e-01
1.452075191819841848e-01
6.384535353658307155e-01
7.857574513729791432e-01
6.384535353658307155e-01
6.384535353658307155e-01
6.384535353658307155e-01
6.384535353658307155e-01
7.747773044191144098e-01
7.747773044191144098e-01
7.747773044191144098e-01
7.747773044191144098e-01
7.747773044191144098e-01
7.747773044191144098e-01
7.747773044191144098e-01
7.063471577445061822e-01
7.063471577445061822e-01
7.063471577445061822e-01
7.063471577445061822e-01
7.063471577445061822e-01
7.063471577445061822e-01
7.063471577445061822e-01
7.063471577445061822e-01
-8.288070154573181636e-01
-6.869593998848873007e-01
-6.869593998848873007e-01
-6.869593998848873007e-01
-6.869593998848873007e-01
-6.869593998848873007e-01
-6.869593998848873007e-01
8.521365927603945511e-01
8.521365927603945511e-01
8.521365927603945511e-01
8.521365927603945511e-01
8.521365927603945511e-01
8.521365927603945511e-01
8.521365927603945511e-01
8.521365927603945511e-01
8.350852307480459702e-01
6.589578911899007796e-01
6.589578911899007796e-01
6.589578911899007796e-01
6.589578911899007796e-01
6.589578911899007796e-01
-1.264032993966443419e+00
-1.264032993966443419e+00
-1.264032993966443419e+00
-1.264032993966443419e+00
-1.264032993966443419e+00
-1.264032993966443419e+00
-1.264032993966443419e+00
-7.585668093591786398e-01
-7.585668093591786398e-01
-7.585668093591786398e-01
-9.609187176736180280e-01
-9.609187176736180280e-01
-7.585668093591786398e-01
-9.609187176736180280e-01
8.055203405724035148e-01
8.055203405724035148e-01
8.055203405724035148e-01
8.055203405724035148e-01
8.456753504167453528e-01
8.055203405724035148e-01
8.055203405724035148e-01
-8.267164293710140832e-01
-8.267164293710140832e-01
-8.267164293710140832e-01
-8.267164293710140832e-01
-8.267164293710140832e-01
-8.267164293710140832e-01
-8.267164293710140832e-01
-1.235698806599523136e+00
-1.235698806599523136e+00
-1.235698806599523136e+00
-1.235698806599523136e+00
-1.235698806599523136e+00
-1.235698806599523136e+00
-1.235698806599523136e+00
7.160025337064996886e-01
7.160025337064996886e-01
7.160025337064996886e-01
7.160025337064996886e-01
7.160025337064996886e-01
7.160025337064996886e-01
7.160025337064996886e-01
-4.040285707719746267e-01
-4.040285707719746267e-01
-4.040285707719746267e-01
-4.040285707719746267e-01
-4.040285707719746267e-01
-4.040285707719746267e-01
-4.040285707719746267e-01
-4.040285707719746267e-01
-6.404604627125987104e-01
-6.404604627125987104e-01
-6.404604627125987104e-01
-6.404604627125987104e-01
-6.404604627125987104e-01
-6.404604627125987104e-01
-6.404604627125987104e-01
-8.326807145211474470e-01
-8.326807145211474470e-01
-8.326807145211474470e-01
-8.326807145211474470e-01
-9.151500701785201253e-01
-8.326807145211474470e-01
-8.326807145211474470e-01
-5.999683352770345257e-01
-5.999683352770345257e-01
-5.999683352770345257e-01
-5.999683352770345257e-01
-5.999683352770345257e-01
-5.999683352770345257e-01
-5.999683352770345257e-01
1.036906918920934562e+00
1.036906918920934562e+00
1.036906918920934562e+00
1.036906918920934562e+00
1.036906918920934562e+00
8.433258460968851011e-01
1.036906918920934562e+00
6.853496804267553699e-01
6.853496804267553699e-01
6.853496804267553699e-01
6.853496804267553699e-01
6.853496804267553699e-01
6.853496804267553699e-01
6.853496804267553699e-01
6.381496499837455705e-01
6.381496499837455705e-01
7.853911957326301652e-01
6.381496499837455705e-01
7.853911957326301652e-01
7.853911957326301652e-01
6.381496499837455705e-01
7.853911957326301652e-01
-1.090548818203641357e+00
-9.162796161841868514e-01
-1.090548818203641357e+00
-1.090548818203641357e+00
-1.090548818203641357e+00
-1.090548818203641357e+00
-1.090548818203641357e+00
-6.866699676391675444e-01
-6.866699676391675444e-01
-6.866699676391675444e-01
-6.866699676391675444e-01
-6.866699676391675444e-01
-6.866699676391675444e-01
-6.866699676391675444e-01
-9.641798671480708571e-02
1.525437096117432945e-01
-9.641798671480708571e-02
-9.641798671480708571e-02
1.525437096117432945e-01
-9.641798671480708571e-02
-9.641798671480708571e-02
1.033566903060542552e+00
1.025414395162446368e+00
1.033566903060542552e+00
1.025414395162446368e+00
1.025414395162446368e+00
1.025414395162446368e+00
1.025414395162446368e+00
1.169536707909066608e+00
1.001733236072982702e+00
1.169536707909066608e+00
1.169536707909066608e+00
1.169536707909066608e+00
1.169536707909066608e+00
1.169536707909066608e+00
1.169536707909066608e+00
6.381005271907433940e-01
6.381005271907433940e-01
7.846568086130814024e-01
7.846568086130814024e-01
6.381005271907433940e-01
6.381005271907433940e-01
6.381005271907433940e-01
8.997543916619333837e-01
8.997543916619333837e-01
8.997543916619333837e-01
1.136227935854527527e+00
1.136227935854527527e+00
8.997543916619333837e-01
1.136227935854527527e+00
8.997543916619333837e-01
-6.864490752042954336e-01
-6.864490752042954336e-01
-6.864490752042954336e-01
-6.864490752042954336e-01
-6.864490752042954336e-01
-6.864490752042954336e-01
-6.864490752042954336e-01
7.831579436129560978e-01
7.831579436129560978e-01
7.831579436129560978e-01
8.460398579294179378e-01
7.831579436129560978e-01
7.831579436129560978e-01
8.460398579294179378e-01
1.130905987635968668e-01
1.130905987635968668e-01
1.130905987635968668e-01
1.130905987635968668e-01
1.130905987635968668e-01
-3.226315066234961004e-02
1.130905987635968668e-01
1.130905987635968668e-01
9.610628534725162986e-01
9.610628534725162986e-01
9.610628534725162986e-01
9.610628534725162986e-01
9.610628534725162986e-01
9.610628534725162986e-01
9.610628534725162986e-01
8.896277376433159301e-01
8.896277376433159301e-01
8.896277376433159301e-01
8.896277376433159301e-01
8.896277376433159301e-01
8.896277376433159301e-01
8.896277376433159301e-01
7.808057239141961148e-01
7.808057239141961148e-01
7.808057239141961148e-01
7.808057239141961148e-01
7.808057239141961148e-01
7.808057239141961148e-01
7.808057239141961148e-01
-5.472373622595791964e-01
-6.793045602035261421e-01
-6.793045602035261421e-01
-6.793045602035261421e-01
-6.793045602035261421e-01
-5.472373622595791964e-01
1.073770365654408421e+00
1.073770365654408421e+00
1.073770365654408421e+00
1.073770365654408421e+00
1.073770365654408421e+00
1.073770365654408421e+00
8.098357228809078823e-01
8.098357228809078823e-01
-9.750640839440078977e-01
-9.750640839440078977e-01
-9.750640839440078977e-01
-9.750640839440078977e-01
-9.750640839440078977e-01
-9.750640839440078977e-01
8.387255928595624965e-01
8.387255928595624965e-01
8.387255928595624965e-01
8.387255928595624965e-01
8.387255928595624965e-01
8.387255928595624965e-01
8.387255928595624965e-01
-6.132675809382759358e-01
-6.132675809382759358e-01
-6.132675809382759358e-01
-6.132675809382759358e-01
-6.132675809382759358e-01
-6.132675809382759358e-01
-6.132675809382759358e-01
8.427268993570584676e-01
6.921691559718315956e-01
6.921691559718315956e-01
8.427268993570584676e-01
8.427268993570584676e-01
8.427268993570584676e-01
8.427268993570584676e-01
1.083329846174675204e+00
1.083329846174675204e+00
1.083329846174675204e+00
1.083329846174675204e+00
1.083329846174675204e+00
1.083329846174675204e+00
1.083329846174675204e+00
-7.896007389707180302e-01
-7.896007389707180302e-01
-7.896007389707180302e-01
-7.896007389707180302e-01
-7.896007389707180302e-01
-1.005471432882737215e+00
-7.896007389707180302e-01
-7.896007389707180302e-01
9.626391948702403556e-02
9.626391948702403556e-02
9.626391948702403556e-02
1.438296160745393959e-01
9.626391948702403556e-02
9.626391948702403556e-02
9.626391948702403556e-02
1.507537874446266635e+00
1.507537874446266635e+00
1.507537874446266635e+00
1.507537874446266635e+00
1.507537874446266635e+00
1.507537874446266635e+00
1.507537874446266635e+00
7.793744766850323469e-01
7.793744766850323469e-01
7.793744766850323469e-01
7.793744766850323469e-01
7.793744766850323469e-01
7.793744766850323469e-01
7.793744766850323469e-01
7.793744766850323469e-01
-1.433359213735057869e-01
-1.433359213735057869e-01
-1.433359213735057869e-01
-1.433359213735057869e-01
-1.433359213735057869e-01
-1.433359213735057869e-01
-1.433359213735057869e-01
8.058139949148059866e-01
8.454938627476586976e-01
8.454938627476586976e-01
8.058139949148059866e-01
8.454938627476586976e-01
8.058139949148059866e-01
8.454938627476586976e-01
1.014730159354776173e+00
8.706842908693576133e-01
1.014730159354776173e+00
1.014730159354776173e+00
1.014730159354776173e+00
1.014730159354776173e+00
8.706842908693576133e-01
1.014730159354776173e+00
1.843590784143591954e-01
1.843590784143591954e-01
1.843590784143591954e-01
1.843590784143591954e-01
1.843590784143591954e-01
1.843590784143591954e-01
1.843590784143591954e-01
-9.288171210404878586e-01
-9.288171210404878586e-01
-9.288171210404878586e-01
-9.288171210404878586e-01
-9.288171210404878586e-01
-9.288171210404878586e-01
-1.264582053488558566e+00
4.784578704001213323e-01
4.784578704001213323e-01
4.784578704001213323e-01
4.784578704001213323e-01
4.784578704001213323e-01
4.784578704001213323e-01
4.784578704001213323e-01
4.784578704001213323e-01
-2.985723299896386740e-01
-2.985723299896386740e-01
-2.985723299896386740e-01
-2.985723299896386740e-01
-2.985723299896386740e-01
-2.985723299896386740e-01
-2.985723299896386740e-01
1.090957206436600435e+00
1.090957206436600435e+00
1.090957206436600435e+00
1.090957206436600435e+00
1.090957206436600435e+00
1.090957206436600435e+00
1.090957206436600435e+00
1.090957206436600435e+00
1.134089710363866965e+00
1.134089710363866965e+00
1.134089710363866965e+00
1.134089710363866965e+00
1.134089710363866965e+00
1.134089710363866965e+00
1.134089710363866965e+00
-1.144002324653638492e-01
-1.144002324653638492e-01
-1.144002324653638492e-01
-1.144002324653638492e-01
-1.144002324653638492e-01
-1.144002324653638492e-01
-1.144002324653638492e-01
-6.935417931854978013e-01
-6.935417931854978013e-01
-6.935417931854978013e-01
-6.935417931854978013e-01
-6.935417931854978013e-01
-6.935417931854978013e-01
-6.935417931854978013e-01
-8.298311919496663691e-01
-8.298311919496663691e-01
-8.298311919496663691e-01
-8.298311919496663691e-01
-8.298311919496663691e-01
-8.298311919496663691e-01
-8.298311919496663691e-01
8.479277373245800442e-01
8.479277373245800442e-01
8.479277373245800442e-01
8.479277373245800442e-01
8.479277373245800442e-01
8.479277373245800442e-01
8.479277373245800442e-01
-8.063670605629318366e-01
-1.255882937444968261e+00
-8.063670605629318366e-01
-8.063670605629318366e-01
-8.063670605629318366e-01
-8.063670605629318366e-01
-8.063670605629318366e-01
-2.387048814978431910e-02
-2.387048814978431910e-02
-2.387048814978431910e-02
-2.387048814978431910e-02
-2.387048814978431910e-02
-2.387048814978431910e-02
-2.387048814978431910e-02
8.341308160911479197e-01
8.341308160911479197e-01
8.341308160911479197e-01
8.341308160911479197e-01
8.341308160911479197e-01
8.341308160911479197e-01
8.341308160911479197e-01
1.114192615860243762e+00
1.114192615860243762e+00
1.114192615860243762e+00
1.114192615860243762e+00
1.114192615860243762e+00
1.114192615860243762e+00
1.114192615860243762e+00
1.114192615860243762e+00
-5.968691878346121804e-01
-5.968691878346121804e-01
-5.968691878346121804e-01
-5.968691878346121804e-01
-5.968691878346121804e-01
-5.968691878346121804e-01
-5.968691878346121804e-01
-7.303823390751931210e-01
-7.303823390751931210e-01
-7.303823390751931210e-01
-7.303823390751931210e-01
-7.303823390751931210e-01
-7.303823390751931210e-01
-7.303823390751931210e-01
-8.910190035077802939e-01
-8.910190035077802939e-01
-8.910190035077802939e-01
-8.910190035077802939e-01
-8.910190035077802939e-01
-8.910190035077802939e-01
-8.910190035077802939e-01
-1.920657117201521880e+00
-1.920657117201521880e+00
-1.920657117201521880e+00
-1.920657117201521880e+00
-1.920657117201521880e+00
-1.920657117201521880e+00
-1.920657117201521880e+00
8.255397452344778175e-01
8.255397452344778175e-01
8.255397452344778175e-01
8.255397452344778175e-01
8.255397452344778175e-01
8.255397452344778175e-01
8.255397452344778175e-01
1.072343049719538755e+00
1.072343049719538755e+00
1.072343049719538755e+00
1.072343049719538755e+00
1.072343049719538755e+00
1.072343049719538755e+00
1.072343049719538755e+00
1.072343049719538755e+00
-3.941099706895123678e-01
-3.941099706895123678e-01
-3.941099706895123678e-01
-3.941099706895123678e-01
-3.941099706895123678e-01
-3.941099706895123678e-01
-3.941099706895123678e-01
1.078626836122595911e+00
1.078626836122595911e+00
1.078626836122595911e+00
1.078626836122595911e+00
1.078626836122595911e+00
1.078626836122595911e+00
1.078626836122595911e+00
1.129581056989876986e+00
1.129581056989876986e+00
1.129581056989876986e+00
1.129581056989876986e+00
1.129581056989876986e+00
1.129581056989876986e+00
1.129581056989876986e+00
1.129581056989876986e+00
-9.684575411278960599e-01
-9.684575411278960599e-01
-9.684575411278960599e-01
-9.684575411278960599e-01
-9.684575411278960599e-01
-9.684575411278960599e-01
5.008796180200993930e-01
5.008796180200993930e-01
5.008796180200993930e-01
5.008796180200993930e-01
5.008796180200993930e-01
5.008796180200993930e-01
5.008796180200993930e-01
5.008796180200993930e-01
1.069470762980429424e+00
1.069470762980429424e+00
1.069470762980429424e+00
1.069470762980429424e+00
1.069470762980429424e+00
1.069470762980429424e+00
1.069470762980429424e+00
1.136890111404588399e+00
1.136890111404588399e+00
1.136890111404588399e+00
1.136890111404588399e+00
1.136890111404588399e+00
1.136890111404588399e+00
1.136890111404588399e+00
1.136941459320507164e+00
1.136941459320507164e+00
1.136941459320507164e+00
1.136941459320507164e+00
1.136941459320507164e+00
1.136941459320507164e+00
1.136941459320507164e+00
1.135868225454711444e+00
1.135868225454711444e+00
1.135868225454711444e+00
1.135868225454711444e+00
1.135868225454711444e+00
1.135868225454711444e+00
1.135868225454711444e+00
7.826892795623057175e-01
7.826892795623057175e-01
7.826892795623057175e-01
7.826892795623057175e-01
7.826892795623057175e-01
7.826892795623057175e-01
7.826892795623057175e-01
1.115496302467294587e+00
1.115496302467294587e+00
1.115496302467294587e+00
1.115496302467294587e+00
1.115496302467294587e+00
1.115496302467294587e+00
1.115496302467294587e+00
4.366561336410618166e-01
4.366561336410618166e-01
4.366561336410618166e-01
4.366561336410618166e-01
4.366561336410618166e-01
4.366561336410618166e-01
4.366561336410618166e-01
4.366561336410618166e-01
-8.377959961754704032e-01
-8.377959961754704032e-01
-8.377959961754704032e-01
-8.377959961754704032e-01
-8.377959961754704032e-01
-8.377959961754704032e-01
-8.377959961754704032e-01
-8.475432310680315329e-01
-8.475432310680315329e-01
-8.475432310680315329e-01
-8.475432310680315329e-01
-8.475432310680315329e-01
-8.475432310680315329e-01
-8.475432310680315329e-01
-7.589698198921759342e-01
-7.589698198921759342e-01
-7.589698198921759342e-01
-7.589698198921759342e-01
-7.589698198921759342e-01
-7.589698198921759342e-01
-7.589698198921759342e-01
-8.229146200291178603e-01
-8.229146200291178603e-01
-8.229146200291178603e-01
-8.229146200291178603e-01
-8.229146200291178603e-01
-8.229146200291178603e-01
-8.229146200291178603e-01
1.145518049572804342e+00
1.145518049572804342e+00
1.145518049572804342e+00
1.145518049572804342e+00
1.145518049572804342e+00
1.145518049572804342e+00
1.145518049572804342e+00
-8.405586548889515397e-01
-8.405586548889515397e-01
-8.405586548889515397e-01
-8.405586548889515397e-01
-8.405586548889515397e-01
-8.405586548889515397e-01
-8.405586548889515397e-01
-9.018404794567499438e-01
-9.018404794567499438e-01
-9.018404794567499438e-01
-9.018404794567499438e-01
-9.018404794567499438e-01
-9.018404794567499438e-01
-9.018404794567499438e-01
8.495088445582397174e-01
8.495088445582397174e-01
8.495088445582397174e-01
8.495088445582397174e-01
8.495088445582397174e-01
8.495088445582397174e-01
8.495088445582397174e-01
8.443906719296941921e-01
8.443906719296941921e-01
8.443906719296941921e-01
8.443906719296941921e-01
8.443906719296941921e-01
8.443906719296941921e-01
8.443906719296941921e-01
-6.831126303806405176e-01
-6.831126303806405176e-01
-6.831126303806405176e-01
-6.831126303806405176e-01
-6.831126303806405176e-01
-6.831126303806405176e-01
-6.831126303806405176e-01
-9.213229781897602777e-01
-9.213229781897602777e-01
-9.213229781897602777e-01
-9.213229781897602777e-01
-9.213229781897602777e-01
-9.213229781897602777e-01
-9.252951296759956978e-01
-9.252951296759956978e-01
-9.252951296759956978e-01
-9.252951296759956978e-01
-9.252951296759956978e-01
-9.252951296759956978e-01
-9.252951296759956978e-01
-3.059864922977647561e-01
-3.059864922977647561e-01
-3.059864922977647561e-01
-3.059864922977647561e-01
-3.059864922977647561e-01
-3.059864922977647561e-01
-3.059864922977647561e-01
1.137255921199915587e+00
1.137255921199915587e+00
1.137255921199915587e+00
1.137255921199915587e+00
1.137255921199915587e+00
1.137255921199915587e+00
1.137255921199915587e+00
9.707166072856004968e-01
9.707166072856004968e-01
9.707166072856004968e-01
9.707166072856004968e-01
9.707166072856004968e-01
9.707166072856004968e-01
9.707166072856004968e-01
9.200013368454547091e-01
9.200013368454547091e-01
9.200013368454547091e-01
9.200013368454547091e-01
9.200013368454547091e-01
9.200013368454547091e-01
9.200013368454547091e-01
1.136927848217178294e+00
1.136927848217178294e+00
1.136927848217178294e+00
1.136927848217178294e+00
1.136927848217178294e+00
1.136927848217178294e+00
1.136927848217178294e+00
1.094164464189501529e-01
1.094164464189501529e-01
1.094164464189501529e-01
1.094164464189501529e-01
1.094164464189501529e-01
1.094164464189501529e-01
1.094164464189501529e-01
1.094164464189501529e-01
8.507379022995634754e-01
8.507379022995634754e-01
8.507379022995634754e-01
8.507379022995634754e-01
8.507379022995634754e-01
8.507379022995634754e-01
8.507379022995634754e-01
5.971918686677789578e-01
5.971918686677789578e-01
5.971918686677789578e-01
5.971918686677789578e-01
5.971918686677789578e-01
5.971918686677789578e-01
5.971918686677789578e-01
-8.129006191523774350e-02
-8.129006191523774350e-02
-8.129006191523774350e-02
-8.129006191523774350e-02
-8.129006191523774350e-02
-8.129006191523774350e-02
-8.129006191523774350e-02
8.547807624751867506e-01
8.547807624751867506e-01
8.547807624751867506e-01
8.547807624751867506e-01
8.547807624751867506e-01
8.547807624751867506e-01
8.547807624751867506e-01
1.057676514891089825e+00
1.057676514891089825e+00
1.057676514891089825e+00
1.057676514891089825e+00
1.057676514891089825e+00
1.057676514891089825e+00
1.057676514891089825e+00
-9.454189406680850727e-01
-9.454189406680850727e-01
-9.454189406680850727e-01
-9.454189406680850727e-01
-9.454189406680850727e-01
-9.454189406680850727e-01
-7.765096377198715816e-01
-7.765096377198715816e-01
-7.765096377198715816e-01
-7.765096377198715816e-01
-7.765096377198715816e-01
-7.765096377198715816e-01
-7.765096377198715816e-01
-9.282681810612498641e-01
-9.282681810612498641e-01
-9.282681810612498641e-01
-9.282681810612498641e-01
-9.282681810612498641e-01
-9.282681810612498641e-01
-9.282681810612498641e-01
1.859227509481832796e-01
1.859227509481832796e-01
-2.546663297864842912e-01
1.859227509481832796e-01
1.859227509481832796e-01
1.859227509481832796e-01
1.859227509481832796e-01
2.853066605937634170e-01
2.853066605937634170e-01
2.853066605937634170e-01
2.853066605937634170e-01
2.853066605937634170e-01
2.853066605937634170e-01
-9.002508636786288321e-02
-9.002508636786288321e-02
-9.002508636786288321e-02
-9.002508636786288321e-02
-9.002508636786288321e-02
-9.002508636786288321e-02
-9.002508636786288321e-02
-9.002508636786288321e-02
1.131022762427978112e-01
1.131022762427978112e-01
1.131022762427978112e-01
1.131022762427978112e-01
1.131022762427978112e-01
1.131022762427978112e-01
1.131022762427978112e-01
8.456090611925880518e-01
8.456090611925880518e-01
8.456090611925880518e-01
8.456090611925880518e-01
8.456090611925880518e-01
8.456090611925880518e-01
8.456090611925880518e-01
7.852292312085691339e-01
7.852292312085691339e-01
7.852292312085691339e-01
7.852292312085691339e-01
7.852292312085691339e-01
7.852292312085691339e-01
-6.869677595295047290e-01
-6.869677595295047290e-01
-6.869677595295047290e-01
-6.869677595295047290e-01
-6.869677595295047290e-01
-6.869677595295047290e-01
-6.869677595295047290e-01
-1.504521487582842765e+00
-1.504521487582842765e+00
-1.504521487582842765e+00
-1.504521487582842765e+00
-1.504521487582842765e+00
-1.504521487582842765e+00
-1.222938258278195800e+00
-1.222938258278195800e+00
-1.222938258278195800e+00
-1.222938258278195800e+00
-1.222938258278195800e+00
-1.222938258278195800e+00
-1.222938258278195800e+00
-8.233453695824979879e-02
-8.233453695824979879e-02
-8.233453695824979879e-02
-8.233453695824979879e-02
-8.233453695824979879e-02
-8.233453695824979879e-02
-8.233453695824979879e-02
1.091753630357596316e+00
1.091753630357596316e+00
1.091753630357596316e+00
1.091753630357596316e+00
1.091753630357596316e+00
8.945238107729044374e-01
8.945238107729044374e-01
8.945238107729044374e-01
8.945238107729044374e-01
8.945238107729044374e-01
8.945238107729044374e-01
8.945238107729044374e-01
8.032391126133096027e-01
8.032391126133096027e-01
8.032391126133096027e-01
8.032391126133096027e-01
8.032391126133096027e-01
8.032391126133096027e-01
8.032391126133096027e-01
-5.875905432158092800e-01
-5.875905432158092800e-01
-5.875905432158092800e-01
-5.875905432158092800e-01
-5.875905432158092800e-01
-5.875905432158092800e-01
-5.875905432158092800e-01
-5.600598736781725595e-01
-5.600598736781725595e-01
-5.600598736781725595e-01
-5.600598736781725595e-01
-5.600598736781725595e-01
-5.600598736781725595e-01
-5.600598736781725595e-01
-7.403381431580062788e-01
-7.403381431580062788e-01
-7.403381431580062788e-01
-7.403381431580062788e-01
-7.403381431580062788e-01
-7.403381431580062788e-01
-7.403381431580062788e-01
-7.403381431580062788e-01
-3.682937654651707859e-01
-3.682937654651707859e-01
-3.682937654651707859e-01
-3.682937654651707859e-01
-3.682937654651707859e-01
-3.682937654651707859e-01
-3.682937654651707859e-01
-7.592147328385843164e-01
-7.592147328385843164e-01
-7.592147328385843164e-01
-7.592147328385843164e-01
-7.592147328385843164e-01
-7.592147328385843164e-01
-7.592147328385843164e-01
1.147437696156673681e+00
1.147437696156673681e+00
1.147437696156673681e+00
1.147437696156673681e+00
1.147437696156673681e+00
1.147437696156673681e+00
1.147437696156673681e+00
1.147437696156673681e+00
-8.587760033586160358e-01
-8.587760033586160358e-01
-8.587760033586160358e-01
-8.587760033586160358e-01
-8.587760033586160358e-01
-8.587760033586160358e-01
-8.587760033586160358e-01
7.890746350575240653e-01
7.890746350575240653e-01
7.890746350575240653e-01
7.890746350575240653e-01
7.890746350575240653e-01
7.890746350575240653e-01
7.890746350575240653e-01
-2.458514837144204490e-02
-2.458514837144204490e-02
-2.458514837144204490e-02
-2.458514837144204490e-02
-2.458514837144204490e-02
-2.458514837144204490e-02
-2.458514837144204490e-02
-6.358279290651744908e-01
-6.358279290651744908e-01
-6.358279290651744908e-01
-6.358279290651744908e-01
-6.358279290651744908e-01
-6.358279290651744908e-01
-6.358279290651744908e-01
-6.358279290651744908e-01
-8.133785575207078677e-01
-8.133785575207078677e-01
-8.133785575207078677e-01
-8.133785575207078677e-01
-8.133785575207078677e-01
-8.133785575207078677e-01
8.244716983999813564e-01
8.244716983999813564e-01
8.244716983999813564e-01
8.244716983999813564e-01
8.244716983999813564e-01
8.244716983999813564e-01
8.244716983999813564e-01
-9.272984419316060434e-01
-1.263145697171724091e+00
-1.263145697171724091e+00
-9.272984419316060434e-01
-9.272984419316060434e-01
-9.272984419316060434e-01
1.092726236630776615e+00
1.092726236630776615e+00
1.092726236630776615e+00
1.092726236630776615e+00
1.092726236630776615e+00
1.092726236630776615e+00
1.092726236630776615e+00
-8.689542506311547232e-01
-8.689542506311547232e-01
-8.689542506311547232e-01
-8.689542506311547232e-01
-8.689542506311547232e-01
-8.689542506311547232e-01
-8.689542506311547232e-01
1.086144845306357354e+00
1.086144845306357354e+00
1.086144845306357354e+00
1.086144845306357354e+00
1.086144845306357354e+00
1.086144845306357354e+00
1.086144845306357354e+00
1.034085188217118700e+00
1.034085188217118700e+00
1.034085188217118700e+00
1.034085188217118700e+00
1.034085188217118700e+00
1.034085188217118700e+00
1.034085188217118700e+00
-7.359196832821163214e-01
-7.359196832821163214e-01
-7.359196832821163214e-01
-7.359196832821163214e-01
-7.359196832821163214e-01
8.900856072099120331e-01
8.900856072099120331e-01
8.900856072099120331e-01
8.900856072099120331e-01
8.900856072099120331e-01
1.134871382750231028e+00
1.134871382750231028e+00
1.134871382750231028e+00
1.134871382750231028e+00
1.134871382750231028e+00
1.266898559873672614e+00
1.266898559873672614e+00
1.266898559873672614e+00
1.266898559873672614e+00
1.266898559873672614e+00
1.266898559873672614e+00
1.115248632606272938e+00
1.115248632606272938e+00
1.115248632606272938e+00
1.115248632606272938e+00
1.115248632606272938e+00
1.115248632606272938e+00
1.115248632606272938e+00
-7.358939995319941918e-01
-7.358939995319941918e-01
-7.358939995319941918e-01
-7.358939995319941918e-01
-7.358939995319941918e-01
-7.358939995319941918e-01
-7.358939995319941918e-01
1.124782713239788734e+00
1.124782713239788734e+00
1.124782713239788734e+00
1.124782713239788734e+00
1.124782713239788734e+00
1.124782713239788734e+00
-1.091450045043453887e+00
-1.091450045043453887e+00
-1.091450045043453887e+00
-1.091450045043453887e+00
-1.091450045043453887e+00
-1.091450045043453887e+00
-1.091450045043453887e+00
2.004973826009639470e-01
2.004973826009639470e-01
2.004973826009639470e-01
2.004973826009639470e-01
2.004973826009639470e-01
2.004973826009639470e-01
2.004973826009639470e-01
6.392740356181578765e-01
6.392740356181578765e-01
6.392740356181578765e-01
6.392740356181578765e-01
6.392740356181578765e-01
6.392740356181578765e-01
6.392740356181578765e-01
-3.580757636354262585e-01
-3.580757636354262585e-01
-3.580757636354262585e-01
-3.580757636354262585e-01
-3.580757636354262585e-01
-3.580757636354262585e-01
-3.580757636354262585e-01
7.142303836911106929e-02
7.142303836911106929e-02
7.142303836911106929e-02
7.142303836911106929e-02
7.142303836911106929e-02
7.142303836911106929e-02
7.142303836911106929e-02
-6.524374352897750473e-01
-6.524374352897750473e-01
-6.524374352897750473e-01
-6.524374352897750473e-01
-6.524374352897750473e-01
-6.524374352897750473e-01
-6.524374352897750473e-01
-6.524374352897750473e-01
-4.251624019445788272e-01
-4.251624019445788272e-01
-4.251624019445788272e-01
-4.251624019445788272e-01
-4.251624019445788272e-01
-4.251624019445788272e-01
-4.251624019445788272e-01
-8.239641939878095123e-01
-8.239641939878095123e-01
-8.239641939878095123e-01
-8.239641939878095123e-01
-8.239641939878095123e-01
-8.239641939878095123e-01
-8.239641939878095123e-01
1.002782037341254373e+00
1.002782037341254373e+00
1.002782037341254373e+00
1.002782037341254373e+00
1.002782037341254373e+00
1.002782037341254373e+00
1.002782037341254373e+00
1.083452992319723585e+00
1.083452992319723585e+00
1.083452992319723585e+00
1.083452992319723585e+00
1.083452992319723585e+00
1.083452992319723585e+00
1.083452992319723585e+00
7.215286709152426980e-02
7.215286709152426980e-02
7.215286709152426980e-02
7.215286709152426980e-02
7.215286709152426980e-02
7.215286709152426980e-02
7.215286709152426980e-02
7.215286709152426980e-02
8.381035126287763593e-01
8.381035126287763593e-01
8.381035126287763593e-01
8.381035126287763593e-01
8.381035126287763593e-01
8.381035126287763593e-01
8.381035126287763593e-01
1.136931111267433403e+00
1.136931111267433403e+00
1.136931111267433403e+00
1.136931111267433403e+00
1.136931111267433403e+00
1.136931111267433403e+00
1.136931111267433403e+00
-8.030460169377758861e-01
-8.030460169377758861e-01
-8.030460169377758861e-01
-8.030460169377758861e-01
-8.030460169377758861e-01
-8.030460169377758861e-01
8.215786515890698416e-01
8.215786515890698416e-01
8.215786515890698416e-01
8.215786515890698416e-01
8.215786515890698416e-01
8.215786515890698416e-01
8.215786515890698416e-01
8.219827353971419504e-01
8.219827353971419504e-01
8.219827353971419504e-01
8.219827353971419504e-01
8.219827353971419504e-01
1.002395306107099371e+00
1.002395306107099371e+00
1.002395306107099371e+00
1.002395306107099371e+00
1.002395306107099371e+00
1.002395306107099371e+00
1.002395306107099371e+00
-1.098786933433852031e+00
-1.098786933433852031e+00
-1.098786933433852031e+00
-1.098786933433852031e+00
-1.098786933433852031e+00
-1.098786933433852031e+00
-1.098786933433852031e+00
9.640970207419126137e-01
9.640970207419126137e-01
9.640970207419126137e-01
9.640970207419126137e-01
9.640970207419126137e-01
9.640970207419126137e-01
9.640970207419126137e-01
1.672398934532419168e-01
1.672398934532419168e-01
1.672398934532419168e-01
1.672398934532419168e-01
1.672398934532419168e-01
1.672398934532419168e-01
1.672398934532419168e-01
-9.060364008261013735e-01
-9.060364008261013735e-01
-9.060364008261013735e-01
-9.060364008261013735e-01
-9.060364008261013735e-01
-9.060364008261013735e-01
-9.060364008261013735e-01
8.796563276523957642e-01
8.796563276523957642e-01
8.796563276523957642e-01
8.796563276523957642e-01
8.796563276523957642e-01
8.796563276523957642e-01
8.796563276523957642e-01
8.489326592454790044e-01
8.489326592454790044e-01
8.489326592454790044e-01
8.489326592454790044e-01
8.489326592454790044e-01
8.489326592454790044e-01
8.489326592454790044e-01
1.226546048741613770e+00
1.226546048741613770e+00
1.226546048741613770e+00
1.226546048741613770e+00
1.226546048741613770e+00
1.226546048741613770e+00
1.226546048741613770e+00
-7.900104448321627615e-01
-7.900104448321627615e-01
-7.900104448321627615e-01
-7.900104448321627615e-01
-7.900104448321627615e-01
-7.900104448321627615e-01
-7.900104448321627615e-01
-7.242339573545641951e-03
-7.242339573545641951e-03
-7.242339573545641951e-03
-7.242339573545641951e-03
-7.242339573545641951e-03
-7.242339573545641951e-03
-7.242339573545641951e-03
-8.378216647489928892e-01
-8.378216647489928892e-01
-8.378216647489928892e-01
-8.378216647489928892e-01
-8.378216647489928892e-01
-8.378216647489928892e-01
-8.378216647489928892e-01
8.417617549758364959e-01
8.417617549758364959e-01
8.417617549758364959e-01
8.417617549758364959e-01
8.417617549758364959e-01
8.417617549758364959e-01
8.417617549758364959e-01
8.417617549758364959e-01
-9.285813639344427939e-01
-9.285813639344427939e-01
-9.285813639344427939e-01
-9.285813639344427939e-01
-9.285813639344427939e-01
-9.285813639344427939e-01
-9.285813639344427939e-01
-8.285483564869449147e-01
-8.285483564869449147e-01
-8.285483564869449147e-01
-8.285483564869449147e-01
-8.285483564869449147e-01
-8.285483564869449147e-01
3.126556871282406003e-01
3.126556871282406003e-01
3.126556871282406003e-01
3.126556871282406003e-01
3.126556871282406003e-01
3.126556871282406003e-01
3.126556871282406003e-01
-8.140087582139728939e-01
-8.140087582139728939e-01
-8.140087582139728939e-01
-8.140087582139728939e-01
-8.140087582139728939e-01
-8.140087582139728939e-01
-8.140087582139728939e-01
-8.140087582139728939e-01
-8.861781311117361559e-02
-8.861781311117361559e-02
-8.861781311117361559e-02
-8.861781311117361559e-02
-8.861781311117361559e-02
-8.861781311117361559e-02
-8.861781311117361559e-02
-3.064805254659674350e-01
-3.064805254659674350e-01
-3.064805254659674350e-01
-3.064805254659674350e-01
-3.064805254659674350e-01
-3.064805254659674350e-01
